0 (8, 7405, 6, ['B+0'])
1 (22, 4070, 2, ['B+0'])
2 (29, 5807, 6, ['B+0'])
3 (22, 5117, 6, ['B+0'])
4 (33, 3644, 6, ['B+0'])
5 (22, 3593, 6, ['B+0'])
6 (16, 9638, 6, ['B+0'])
7 (16, 4125, 6, ['B+0'])
8 (9, 15301, 5, ['B+0'])
9 (15, 5142, 5, ['B+0'])
10 (4, 6470, 5, ['B+0'])
11 (7, 3502, 6, ['B+0'])
12 (13, 8018, 6, ['B+0'])
13 (14, 1900, 5, ['B+0'])
14 (35, 9694, 1, ['B+0'])
15 (45, 1496, 1, ['B+0'])
16 (18, 7710, 6, ['B+0'])
17 (2, 6480, 2, ['B+0'])
18 (14, 10133, 6, ['B+0'])
19 (2, 6334, 2, ['B+0'])
20 (6, 7144, 6, ['B+0'])
21 (1, 1580, 2, ['B+0'])
22 (10, 6526, 5, ['B+0'])
23 (7, 4020, 5, ['B+0'])
24 (21, 91485, 6, ['B+0'])


